0 -13425
1 -11936
2 -10275
3 -8445
4 -8445
5 -6439
6 -4371
7 -2174
8 -3
9 2228
10 4348
11 6476
12 8432
13 10310
14 11951
15 13466
16 14667
17 15695
18 16439
19 16919
20 17134
21 17046
22 16681
23 16035
24 15155
25 13949
26 12628
27 10974
28 9237
29 7242
30 5226
31 3044
32 956
33 -1302
34 -3484
35 -5619
36 -7644
37 -9543
38 -11280
39 -12832
40 -14208
41 -15291
42 -16208
43 -16735
44 -17108
45 -17082
46 -16906
47 -16906
48 -16331
49 -15548
50 -14462
51 -13199
52 -11653
53 -9989
54 -8094
55 -6097
56 -3988
57 -1811
58 368
59 2617
60 4700
61 6802
62 8749
63 10603
64 12228
65 13693
66 14870
67 15865
68 16533
69 17002
70 17135
71 17008
72 16567
73 15891
74 14937
75 13755
76 12344
77 10657
78 8915
79 6915
80 4862
81 2698
82 581
83 -1672
84 -3847
85 -5972
86 -7961
87 -9865
88 -11544
89 -13101
90 -13101
91 -14405
92 -15482
93 -16296
94 -16830
95 -17106
96 -17071
97 -16810
98 -16207
99 -15392
100 -14244
101 -12959
102 -11360
103 -9674
104 -7741
105 -5751
106 -3601
107 -1445
108 765
109 2964
110 5064
111 7174
112 9062
113 10906
114 12481
115 13913
116 15049
117 15999
118 16617
119 17055
120 17117
121 16971
122 16470
123 15753
124 14743
125 13516
126 12056
127 10356
128 8568
129 6539
130 4513
131 2313
132 190
133 190
134 -2072
135 -4211
136 -6348
137 -8282
138 -10182
139 -11832
140 -13361
141 -14599
142 -15640
143 -16382
144 -16898
145 -17118
146 -17042
147 -16716
148 -16080
149 -15212
150 -14047
151 -12696
152 -11087
153 -9352
154 -7385
155 -5387
156 -3221
157 -1064
158 1150
159 3325
160 5467
161 7485
162 9405
163 11200
164 12756
165 14107
166 15225
167 16150
168 16715
169 17111
170 17110
171 16937
172 16353
173 15609
174 14543
175 13314
176 13314
177 11783
178 10107
179 8252
180 6202
181 4144
182 1958
183 -159
184 -2434
185 -4577
186 -6682
187 -8598
188 -10486
189 -12095
190 -13595
191 -14785
192 -15805
193 -16512
194 -16964
195 -17119
196 -17029
197 -16643
198 -15942
199 -15023
200 -13754
201 -12324
202 -10770
203 -8960
204 -7088
205 -5006
206 -2880
207 -666
208 1465
209 3658
210 5798
211 7808
212 9714
213 11451
214 13003
215 14297
216 14297
217 15405
218 16227
219 16829
220 17073
221 17120
222 16794
223 16285
224 15409
225 14390
226 13060
227 11539
228 9763
229 7907
230 5890
231 3749
232 1595
233 -585
234 -2814
235 -4945
236 -7034
237 -8929
238 -10776
239 -12352
240 -13832
241 -14966
242 -15954
243 -16610
244 -17025
245 -17113
246 -16988
247 -16501
248 -15813
249 -14843
250 -13605
251 -12152
252 -10507
253 -8706
254 -6694
255 -4667
256 -2454
257 -301
258 1928
259 1928
260 4057
261 6216
262 8162
263 10053
264 11755
265 13249
266 14537
267 15565
268 16388
269 16847
270 17152
271 17075
272 16766
273 16129
274 15303
275 14127
276 12850
277 11191
278 9486
279 7527
280 5502
281 3367
282 1250
283 -988
284 -3203
285 -5308
286 -7380
287 -9266
288 -11067
289 -12621
290 -14062
291 -15139
292 -16089
293 -16664
294 -17068
295 -17093
296 -16936
297 -16409
298 -15665
299 -14634
300 -13373
301 -11878
302 -11878
303 -10194
304 -8356
305 -6384
306 -4287
307 -2038
308 189
309 2338
310 4477
311 6521
312 8550
313 10359
314 12022
315 13466
316 14716
317 15717
318 16459
319 16949
320 17121
321 17040
322 16647
323 16028
324 15063
325 13939
326 12514
327 10935
328 9167
329 7157
330 5136
331 2988
332 857
333 -1395
334 -3569
335 -5693
336 -7723
337 -9591
338 -11366
339 -12876
340 -14260
341 -15324
342 -16229
343 -16773
344 -17099
345 -17099
346 -17088
347 -16867
348 -16298
349 -15517
350 -14435
351 -13140
352 -11611
353 -9875
354 -8046
355 -6004
356 -3919
357 -1726
358 459
359 2661
360 4780
361 6908
362 8841
363 10657
364 12272
365 13746
366 14900
367 15888
368 16561
369 16995
370 17152
371 16970
372 16581
373 15846
374 14912
375 13662
376 12301
377 10598
378 8829
379 6812
380 4744
381 2597
382 482
383 -1801
384 -3939
385 -6045
386 -8063
387 -9930
388 -9930
389 -11622
390 -13150
391 -14467
392 -15511
393 -16324
394 -16814
395 -17117
396 -17059
397 -16800
398 -16158
399 -15355
400 -14208
401 -12886
402 -11329
403 -9590
404 -7695
405 -5654
406 -3539
407 -1330
408 835
409 3055
410 5157
411 7220
412 9162
413 10972
414 12521
415 13974
416 15201
417 16055
418 16732
419 17029
420 17116
421 16923
422 16452
423 15752
424 14691
425 13483
426 11986
427 10340
428 8473
429 6483
430 4399
431 4399
432 2258
433 88
434 -2121
435 -4329
436 -6398
437 -8394
438 -10234
439 -11890
440 -13416
441 -14649
442 -15724
443 -16402
444 -16950
445 -17093
446 -17093
447 -16671
448 -16080
449 -15147
450 -14016
451 -12614
452 -11033
453 -9276
454 -7347
455 -5303
456 -3125
457 -983
458 1252
459 3398
460 5577
461 7553
462 9504
463 11211
464 12847
465 14147
466 15280
467 16148
468 16759
469 17076
470 17136
471 16889
472 16348
473 15595
474 15595
475 14521
476 13269
477 11713
478 10037
479 8118
480 6153
481 4036
482 1898
483 -280
484 -2495
485 -4650
486 -6749
487 -8710
488 -10541
489 -12171
490 -13644
491 -14847
492 -15830
493 -16505
494 -16993
495 -17095
496 -17042
497 -16578
498 -15933
499 -14969
500 -13808
501 -12340
502 -10759
503 -8930
504 -6996
505 -4950
506 -2792
507 -587
508 1623
509 3782
510 5909
511 7906
512 9832
513 11520
514 13070
515 14344
516 15489
517 15489
518 16267
519 16846
520 17087
521 17121
522 16894
523 16310
524 15464
525 14364
526 12965
527 11479
528 9717
529 7848
530 5791
531 3645
532 1526
533 -674
534 -2874
535 -5044
536 -7084
537 -9034
538 -10830
539 -12404
540 -13874
541 -15003
542 -15986
543 -16613
544 -17046
545 -17105
546 -16971
547 -16472
548 -15805
549 -14775
550 -13552
551 -12064
552 -10455
553 -8599
554 -6644
555 -4574
556 -2405
557 -226
558 2007
559 4135
560 4135
561 6286
562 8236
563 10129
564 11770
565 13314
566 14548
567 15625
568 16368
569 16908
570 17144
571 17063
572 16745
573 16131
574 15238
575 14088
576 12778
577 11160
578 9426
579 7467
580 5432
581 3308
582 1163
583 -1056
584 -3244
585 -5417
586 -7410
587 -9373
588 -11106
589 -12677
590 -14082
591 -15201
592 -16106
593 -16695
594 -17074
595 -17077
596 -16944
597 -16368
598 -15641
599 -14566
600 -14566
601 -13336
602 -11800
603 -10161
604 -8279
605 -6302
606 -4189
607 -2041
608 196
609 2375
610 4528
611 6635
612 8573
613 10430
614 12065
615 13566
616 14744
617 15783
618 16479
619 16978
620 17137
621 17030
622 16644
623 15982
624 15071
625 13889
626 12507
627 10856
628 9092
629 7104
630 5078
631 2924
632 797
633 -1363
634 -3562
635 -5658
636 -7796
637 -9653
638 -11424
639 -12935
640 -14280
641 -15389
642 -16223
643 -16223
644 -16807
645 -17069
646 -17097
647 -16817
648 -16303
649 -15448
650 -14405
651 -13046
652 -11563
653 -9802
654 -7978
655 -5906
656 -3839
657 -1619
658 548
659 2761
660 4900
661 6968
662 8936
663 10723
664 12361
665 13752
666 14991
667 15884
668 16625
669 16993
670 17174
671 16967
672 16575
673 15822
674 14884
675 13650
676 12225
677 10572
678 8741
679 6789
680 4687
681 2539
682 400
683 -1837
684 -4002
685 -6117
686 -6117
687 -8105
688 -10020
689 -11655
690 -13219
691 -14482
692 -15567
693 -16329
694 -16861
695 -17093
696 -17068
697 -16754
698 -16149
699 -15307
700 -14179
701 -12842
702 -11254
703 -9545
704 -7586
705 -5602
706 -3421
707 -1286
708 891
709 3058
710 5196
711 7241
712 9231
713 10989
714 12628
715 13983
716 15148
717 16050
718 16670
719 17086
720 17106
721 16949
722 16423
723 15724
724 14657
725 13452
726 11945
727 10276
728 8402
729 8402
730 6406
731 4343
732 2173
733 41
734 -2220
735 -4385
736 -6472
737 -8393
738 -10207
739 -11971
740 -13451
741 -14725
742 -15727
743 -16442
744 -16925
745 -17101
746 -17068
747 -16676
748 -16050
749 -15125
750 -14008
751 -12544
752 -10999
753 -9177
754 -7302
755 -5189
756 -3123
757 -895
758 1246
759 3476
760 5631
761 7666
762 9554
763 11331
764 12895
765 14200
766 15337
767 16183
768 16789
769 17081
770 17136
771 16848
772 16848
773 16357
774 15527
775 14491
776 13179
777 11697
778 9946
779 8067
780 6092
781 3953
782 1819
783 -336
784 -2635
785 -4718
786 -6839
787 -8775
788 -10614
789 -12204
790 -13685
791 -14874
792 -15859
793 -16544
794 -17004
795 -17112
796 -17016
797 -16590
798 -15898
799 -14941
800 -13741
801 -12320
802 -10690
803 -8897
804 -6917
805 -4874
806 -2675
807 -551
808 1728
809 3855
810 5997
811 8006
812 9869
813 11579
814 13105
815 13105
816 14409
817 15473
818 16297
819 16822
820 17114
821 17077
822 16785
823 16194
824 15364
825 14232
826 12972
827 11349
828 9701
829 7752
830 5702
831 3589
832 1435
833 -750
834 -2998
835 -5107
836 -7188
837 -9096
838 -10906
839 -12468
840 -13927
841 -15041
842 -16000
843 -16599
844 -16946
845 -17077
846 -16900
847 -16486
848 -15754
849 -14759
850 -13538
851 -12026
852 -10394
853 -8530
854 -6604
855 -4473
856 -2344
857 -97
858 -97
859 2045
860 4254
861 6324
862 8328
863 10172
864 11859
865 13375
866 14604
867 15639
868 16423
869 16920
870 17137
871 17072
872 16680
873 16099
874 15171
875 14063
876 12661
877 11076
878 9273
879 7345
880 5292
881 3153
882 1037
883 -1176
884 -3381
885 -5473
886 -7537
887 -9425
888 -11216
889 -12773
890 -14138
891 -15224
892 -16150
893 -16708
894 -17084
895 -17087
896 -16902
897 -16362
898 -15596
899 -14554
900 -13273
901 -13273
902 -11781
903 -10082
904 -8224
905 -6195
906 -4146
907 -1914
908 237
909 2469
910 4572
911 6702
912 8599
913 10472
914 12123
915 13579
916 14790
917 15803
918 16483
919 16953
920 17147
921 16989
922 16636
923 15940
924 15021
925 13795
926 12442
927 10752
928 8996
929 7055
930 4973
931 2827
932 704
933 -1538
934 -3713
935 -5820
936 -7871
937 -9728
938 -11467
939 -13006
940 -14363
941 -15401
942 -16292
943 -16800
944 -16800
945 -17125
946 -17085
947 -16858
948 -16246
949 -15445
950 -14347
951 -13050
952 -11495
953 -9689
954 -7808
955 -5826
956 -3713
957 -1602
958 668
959 2795
960 4992
961 7023
962 8973
963 10781
964 12413
965 13789
966 15000
967 15935
968 16609
969 17005
970 17130
971 16973
972 16501
973 15818
974 14798
975 13632
976 12137
977 10504
978 8654
979 6685
980 4632
981 2453
982 333
983 -1917
984 -1917
985 -4086
986 -6180
987 -8189
988 -10067
989 -11733
990 -13254
991 -14540
992 -15617
993 -16344
994 -16932
995 -17099
996 -17091
997 -16744
998 -16171
999 -15268
1000 -14153
1001 -12765
1002 -11207
1003 -9478
1004 -7533
1005 -5519
1006 -3361
1007 -1209
1008 1026
1009 3173
1010 5349
1011 7382
1012 9314
1013 11063
1014 12676
1015 14008
1016 15204
1017 16055
1018 16698
1019 17048
1020 17109
1021 16921
1022 16382
1023 15665
