0 29515
1 29556
2 29163
3 28249
4 26895
5 26895
6 25086
7 22846
8 20293
9 17309
10 14127
11 10648
12 7015
13 3262
14 -452
15 -4341
16 -7984
17 -11622
18 -14989
19 -18156
20 -20978
21 -23517
22 -25612
23 -27282
24 -28548
25 -29287
26 -29561
27 -29359
28 -28687
29 -27469
30 -25888
31 -23783
32 -21387
33 -18552
34 -15484
35 -12067
36 -8543
37 -4815
38 -1016
39 2742
40 6522
41 10163
42 13652
43 16871
44 19904
45 22528
46 24817
47 26645
48 26645
49 28121
50 29044
51 29576
52 29521
53 29048
54 28040
55 26613
56 24722
57 22448
58 19808
59 16782
60 13551
61 10043
62 6376
63 2638
64 -1130
65 -5002
66 -8624
67 -12260
68 -15551
69 -18677
70 -21428
71 -23917
72 -25920
73 -27559
74 -28710
75 -29359
76 -29587
77 -29277
78 -28523
79 -27249
80 -25570
81 -23410
82 -20952
83 -18021
84 -14937
85 -11493
86 -7924
87 -4168
88 -4168
89 -361
90 3411
91 7152
92 10792
93 14210
94 17423
95 20367
96 22950
97 25158
98 26933
99 28304
100 29155
101 29612
102 29443
103 28922
104 27826
105 26371
106 24345
107 22021
108 19276
109 16242
110 12964
111 9380
112 5735
113 1979
114 -1787
115 -5638
116 -9265
117 -12824
118 -16121
119 -19188
120 -21882
121 -24305
122 -26214
123 -27792
124 -28846
125 -29450
126 -29552
127 -29196
128 -28328
129 -26988
130 -25234
131 -25234
132 -23027
133 -20457
134 -17522
135 -14367
136 -10878
137 -7293
138 -3524
139 245
140 4067
141 7751
142 11391
143 14788
144 17966
145 20841
146 23347
147 25489
148 27203
149 28485
150 29268
151 29607
152 29385
153 28748
154 27561
155 26016
156 23943
157 21586
158 18792
159 15708
160 12337
161 8757
162 5072
163 1341
164 -2490
165 -6255
166 -9880
167 -13422
168 -16660
169 -19684
170 -22321
171 -24668
172 -26515
173 -28034
174 -28034
175 -28966
176 -29539
177 -29510
178 -29075
179 -28113
180 -26739
181 -24858
182 -22592
183 -19957
184 -16993
185 -13769
186 -10256
187 -6665
188 -2852
189 902
190 4739
191 8401
192 12005
193 15339
194 18495
195 21287
196 23777
197 25819
198 27456
199 28651
200 29365
201 29676
202 29393
203 28628
204 27402
205 25678
206 23602
207 21109
208 18284
209 15115
210 11742
211 8184
212 4425
213 704
214 -3170
215 -6877
216 -10537
217 -10537
218 -13989
219 -17211
220 -20160
221 -22760
222 -25020
223 -26805
224 -28221
225 -29095
226 -29557
227 -29466
228 -28977
229 -27886
230 -26432
231 -24493
232 -22183
233 -19481
234 -16469
235 -13170
236 -9655
237 -6021
238 -2189
239 1564
240 5387
241 9036
242 12640
243 15889
244 19017
245 21739
246 24153
247 26123
248 27730
249 28766
250 29443
251 29578
252 29234
253 28407
254 27086
255 25372
256 23153
257 20676
258 17735
259 14580
260 14580
261 11117
262 7510
263 3762
264 46
265 -3840
266 -7528
267 -11158
268 -14549
269 -17757
270 -20635
271 -23177
272 -25385
273 -27099
274 -28430
275 -29227
276 -29586
277 -29414
278 -28837
279 -27692
280 -26166
281 -24116
282 -21767
283 -18962
284 -15944
285 -12582
286 -9043
287 -5345
288 -1561
289 2214
290 5998
291 9660
292 13182
293 16440
294 19484
295 22139
296 24513
297 26413
298 27932
299 28915
300 29522
301 29535
302 29124
303 29124
304 28185
305 26840
306 25012
307 22749
308 20220
309 17280
310 14038
311 10509
312 6876
313 3102
314 -643
315 -4483
316 -8171
317 -11788
318 -15136
319 -18289
320 -21103
321 -23599
322 -25700
323 -27374
324 -28611
325 -29318
326 -29607
327 -29358
328 -28667
329 -27443
330 -25849
331 -23739
332 -21294
333 -18479
334 -15386
335 -11983
336 -8418
337 -4711
338 -909
339 2795
340 6611
341 10240
342 13714
343 16939
344 19978
345 22548
346 22548
347 24873
348 26648
349 28151
350 29024
351 29539
352 29500
353 28965
354 27986
355 26520
356 24660
357 22363
358 19715
359 16659
360 13437
361 9883
362 6241
363 2509
364 -1272
365 -5110
366 -8792
367 -12345
368 -15714
369 -18775
370 -21570
371 -23989
372 -25988
373 -27621
374 -28707
375 -29438
376 -29553
377 -29285
378 -28460
379 -27221
380 -25462
381 -23359
382 -20776
383 -17981
384 -14752
385 -11386
386 -7762
387 -4036
388 -268
389 -268
390 3556
391 7261
392 10904
393 14325
394 17559
395 20444
396 23031
397 25197
398 27039
399 28299
400 29210
401 29548
402 29472
403 28829
404 27782
405 26243
406 24285
407 21942
408 19152
409 16155
410 12767
411 9270
412 5556
413 1860
414 -1910
415 -5671
416 -9396
417 -12904
418 -16259
419 -19284
420 -22002
421 -24393
422 -26302
423 -27872
424 -28876
425 -29491
426 -29544
427 -29193
428 -28258
429 -26979
430 -25128
431 -22959
432 -22959
433 -20322
434 -17461
435 -14201
436 -10776
437 -7136
438 -3397
439 395
440 4189
441 7905
442 11512
443 14909
444 18066
445 20900
446 23435
447 25524
448 27250
449 28486
450 29293
451 29579
452 29413
453 28679
454 27544
455 25947
456 23880
457 21477
458 18642
459 15602
460 12165
461 8649
462 4931
463 1204
464 -2611
465 -6385
466 -10058
467 -13508
468 -16820
469 -19769
470 -22442
471 -24748
472 -24748
473 -26605
474 -28068
475 -29010
476 -29538
477 -29500
478 -29071
479 -28085
480 -26683
481 -24778
482 -22534
483 -19830
484 -16919
485 -13618
486 -10162
487 -6480
488 -2745
489 1076
490 4852
491 8539
492 12126
493 15465
494 18604
495 21379
496 23852
497 25881
498 27540
499 28657
500 29406
501 29580
502 29321
503 28526
504 27314
505 25621
506 23518
507 21013
508 18143
509 15031
510 11600
511 8039
512 4281
513 563
514 -3276
515 -3276
516 -7019
517 -10653
518 -14093
519 -17357
520 -20226
521 -22857
522 -25063
523 -26781
524 -28185
525 -29066
526 -29502
527 -29472
528 -28897
529 -27879
530 -26334
531 -24428
532 -22039
533 -19386
534 -16306
535 -13050
536 -9497
537 -5856
538 -2061
539 1740
540 5501
541 9209
542 12732
543 16039
544 19087
545 21896
546 24204
547 26255
548 27754
549 28862
550 29440
551 29616
552 29205
553 28369
554 27048
555 25306
556 23119
557 20563
558 20563
559 17629
560 14454
561 11031
562 7364
563 3667
564 -81
565 -3934
566 -7649
567 -11267
568 -14643
569 -17864
570 -20689
571 -23262
572 -25407
573 -27133
574 -28427
575 -29216
576 -29555
577 -29411
578 -28769
579 -27605
580 -26061
581 -24006
582 -21624
583 -18816
584 -15784
585 -12408
586 -8896
587 -5152
588 -1417
589 2390
590 6172
591 9808
592 13333
593 16591
594 19606
595 22281
596 24636
597 26503
598 28011
599 28968
600 29561
601 29561
602 29542
603 29141
604 28169
605 26818
606 24941
607 22724
608 20084
609 17120
610 13887
611 10386
612 6751
613 2993
614 -759
615 -4586
616 -8292
617 -11879
618 -15216
619 -18392
620 -21143
621 -23683
622 -25732
623 -27414
624 -28609
625 -29336
626 -29554
627 -29326
628 -28597
629 -27306
630 -25646
631 -23608
632 -21108
633 -18357
634 -15201
635 -11867
636 -8247
637 -4548
638 -740
639 3054
640 6805
641 10478
642 13895
643 17137
644 17137
645 20100
646 22737
647 24941
648 26807
649 28163
650 29123
651 29549
652 29545
653 28975
654 27995
655 26489
656 24597
657 22271
658 19586
659 16586
660 13262
661 9767
662 6105
663 2367
664 -1424
665 -5259
666 -8907
667 -12474
668 -15784
669 -18900
670 -21628
671 -24066
672 -26034
673 -27659
674 -28737
675 -29416
676 -29551
677 -29250
678 -28431
679 -27136
680 -25435
681 -23244
682 -20720
683 -17811
684 -14683
685 -11210
686 -7654
687 -7654
688 -3883
689 -101
690 3699
691 7405
692 11058
693 14473
694 17671
695 20570
696 23105
697 25319
698 27039
699 28394
700 29218
701 29630
702 29441
703 28841
704 27725
705 26236
706 24185
707 21840
708 19081
709 16037
710 12698
711 9162
712 5456
713 1757
714 -2084
715 -5887
716 -9523
717 -13081
718 -16332
719 -19392
720 -22059
721 -24452
722 -26358
723 -27888
724 -28874
725 -29480
726 -29528
727 -29134
728 -28235
729 -26870
730 -26870
731 -25043
732 -22818
733 -20245
734 -17278
735 -14104
736 -10595
737 -7015
738 -3183
739 677
740 4398
741 8173
742 11659
743 15040
744 18208
745 21036
746 23518
747 25624
748 27326
749 28543
750 29329
751 29572
752 29408
753 28670
754 27536
755 25858
756 23835
757 21361
758 18571
759 15473
760 12077
761 8531
762 4811
763 1079
764 -2753
765 -6525
766 -10187
767 -13648
768 -16910
769 -19840
770 -22532
771 -24796
772 -26683
773 -26683
774 -28058
775 -29063
776 -29516
777 -29509
778 -29017
779 -28015
780 -26610
781 -24691
782 -22424
783 -19736
784 -16791
785 -13461
786 -10020
787 -6325
788 -2613
789 1256
790 4954
791 8726
792 12235
793 15609
794 18691
795 21500
796 23921
797 25943
798 27559
799 28720
800 29391
801 29548
802 29315
803 28464
804 27279
805 25529
806 23445
807 20899
808 18044
809 14888
810 11469
811 7851
812 4171
813 417
814 -3406
815 -7156
816 -7156
817 -10783
818 -14233
819 -17466
820 -20331
821 -22972
822 -25128
823 -26977
824 -28265
825 -29203
826 -29535
827 -29479
828 -28875
829 -27823
830 -26305
831 -24341
832 -21994
833 -19235
834 -16233
835 -12893
836 -9415
837 -5696
838 -1965
839 1801
840 5560
841 9252
842 12773
843 16125
844 19238
845 21925
846 24326
847 26255
848 27779
849 28878
850 29488
851 29576
852 29178
853 28331
854 26964
855 25250
856 25250
857 22996
858 20470
859 17535
860 14355
861 10886
862 7249
863 3528
864 -234
865 -4063
866 -7798
867 -11404
868 -14810
869 -17960
870 -20811
871 -23373
872 -25471
873 -27250
874 -28448
875 -29284
876 -29542
877 -29400
878 -28705
879 -27605
880 -25977
881 -23968
882 -21530
883 -18752
884 -15673
885 -12321
886 -8772
887 -5034
888 -1292
889 2530
890 6254
891 9968
892 13407
893 16728
894 19689
895 22405
896 24667
897 26598
898 27994
899 27994
900 29016
901 29515
902 29552
903 29078
904 28131
905 26705
906 24852
907 22628
908 19953
909 16983
910 13716
911 10264
912 6613
913 2872
914 -903
915 -4717
916 -8458
917 -11970
918 -15392
919 -18484
920 -21292
921 -23769
922 -25818
923 -27482
924 -28621
925 -29392
926 -29553
927 -29329
928 -28549
929 -27373
930 -25657
931 -23580
932 -21056
933 -18275
934 -15091
935 -11732
936 -8130
937 -4423
938 -605
939 3170
940 6912
941 10597
942 10597
943 13986
944 17245
945 20187
946 22796
947 25003
948 26841
949 28197
950 29147
951 29527
952 29490
953 29036
954 27973
955 26475
956 24529
957 22167
958 19457
959 16437
960 13155
961 9617
962 5940
963 2216
964 -1569
965 -5395
966 -9081
967 -12602
968 -15925
969 -19022
970 -21742
971 -24173
972 -26126
973 -27731
974 -28780
975 -29465
976 -29542
977 -29272
978 -28385
979 -27105
980 -25321
981 -23195
982 -20600
983 -17758
984 -14551
985 -14551
986 -11125
987 -7515
988 -3785
989 29
990 3812
991 7525
992 11167
993 14549
994 17795
995 20625
996 23228
997 25332
998 27124
999 28379
1000 29251
1001 29572
1002 29408
1003 28799
1004 27669
1005 26117
1006 24085
1007 21733
1008 18937
1009 15901
1010 12512
1011 8996
1012 5274
1013 1565
1014 -2263
1015 -6031
1016 -9717
1017 -13178
1018 -16520
1019 -19518
1020 -22193
1021 -24548
1022 -26434
1023 -27940
